Classification report: 
              precision    recall  f1-score   support

           0       0.50      0.13      0.21        15
           1       1.00      1.00      1.00        15
           2       1.00      1.00      1.00        15
           3       1.00      1.00      1.00        15
           4       1.00      1.00      1.00        15
           5       1.00      1.00      1.00        15
           6       1.00      0.93      0.97        15
           7       1.00      1.00      1.00        15
           8       1.00      1.00      1.00        15
           9       1.00      1.00      1.00        15
           A       1.00      1.00      1.00        15
           B       0.94      1.00      0.97        15
           C       0.81      0.87      0.84        15
           D       0.88      1.00      0.94        15
           E       0.94      1.00      0.97        15
           F       1.00      0.93      0.97        15
           G       0.87      0.87      0.87        15
           H       1.00      1.00      1.00        15
           I       1.00      1.00      1.00        15
           J       1.00      1.00      1.00        15
           K       1.00      1.00      1.00        15
           L       1.00      0.93      0.97        15
           M       0.92      0.80      0.86        15
           N       0.83      1.00      0.91        15
           O       0.52      0.80      0.63        15
           P       1.00      1.00      1.00        15
           Q       0.94      1.00      0.97        15
           R       0.93      0.93      0.93        15
           S       1.00      1.00      1.00        15
           T       1.00      1.00      1.00        15
           U       1.00      1.00      1.00        15
           V       1.00      1.00      1.00        15
           W       1.00      1.00      1.00        15
           X       1.00      0.93      0.97        15
           Y       1.00      1.00      1.00        15
           Z       1.00      1.00      1.00        15

    accuracy                           0.95       540
   macro avg       0.95      0.95      0.94       540
weighted avg       0.95      0.95      0.94       540
