Classification report: 
              precision    recall  f1-score   support

           0       0.67      0.13      0.22        15
           1       0.90      0.60      0.72        15
           2       1.00      0.53      0.70        15
           3       0.65      0.73      0.69        15
           4       1.00      0.87      0.93        15
           5       1.00      0.40      0.57        15
           6       1.00      0.67      0.80        15
           7       0.88      0.93      0.90        15
           8       0.71      1.00      0.83        15
           9       0.88      0.47      0.61        15
           A       0.88      1.00      0.94        15
           B       0.78      0.93      0.85        15
           C       0.57      0.87      0.68        15
           D       1.00      0.87      0.93        15
           E       0.82      0.93      0.87        15
           F       0.93      0.87      0.90        15
           G       0.80      0.80      0.80        15
           H       0.92      0.80      0.86        15
           I       0.93      0.93      0.93        15
           J       0.93      0.87      0.90        15
           K       0.90      0.60      0.72        15
           L       0.81      0.87      0.84        15
           M       0.92      0.80      0.86        15
           N       0.71      1.00      0.83        15
           O       0.54      0.93      0.68        15
           P       1.00      0.93      0.97        15
           Q       0.93      0.93      0.93        15
           R       0.79      1.00      0.88        15
           S       0.75      0.80      0.77        15
           T       0.79      1.00      0.88        15
           U       0.75      1.00      0.86        15
           V       0.94      1.00      0.97        15
           W       1.00      1.00      1.00        15
           X       0.94      1.00      0.97        15
           Y       0.79      1.00      0.88        15
           Z       0.93      0.87      0.90        15

    accuracy                           0.83       540
   macro avg       0.85      0.83      0.82       540
weighted avg       0.85      0.83      0.82       540
